0.004469 0.004532 0.004563 0.005266 0.005298 14-11-46
0.004399 0.004463 0.004495 0.005177 0.005211 14-11-53
0.004272 0.004322 0.004354 0.004947 0.004969 14-15-02
0.004407 0.004472 0.004503 0.005257 0.005291 14-58-14
0.004148 0.004203 0.004232 0.004921 0.004943 14-58-50
0.004139 0.004200 0.004229 0.004773 0.004796 14-59-00

0.004317 0.004482 0.004582 0.006511 0.006590 15-01-22

0.004316 0.004532 0.004669 0.006296 0.006378 15-11-17

0.004312 0.004465 0.004562 0.006217 0.006290 02-30-01

0.004413 0.004483 0.004515 0.005228 0.005258 02-35-01

0.004399 0.004467 0.004504 0.005219 0.005254 02-40-02

0.004421 0.004485 0.004519 0.005258 0.005290 02-45-01

0.004473 0.004536 0.004564 0.004228 0.004275 07-15-01

0.004459 0.004524 0.004556 0.005249 0.005275 07-20-01

0.004258 0.004315 0.004344 0.005028 0.005052 07-25-01

0.004514 0.004689 0.004792 0.006528 0.006609 07-30-01

0.004282 0.004474 0.004581 0.006300 0.006402 07-35-01

0.004266 0.004401 0.004486 0.006302 0.006364 07-40-01

0.004199 0.004316 0.004384 0.005412 0.005450 07-45-01

0.004262 0.004318 0.004346 0.004951 0.004981 07-50-01

0.004430 0.004496 0.004526 0.005155 0.005186 07-55-01

0.004237 0.004292 0.004321 0.004903 0.004923 08-00-01

0.004196 0.004291 0.004348 0.005478 0.005518 08-05-01

0.004249 0.004307 0.004338 0.005054 0.005084 08-10-01

0.004126 0.004177 0.004207 0.004815 0.004834 08-15-02

0.004138 0.004211 0.004244 0.004875 0.004910 08-20-01

0.004417 0.004481 0.004515 0.005129 0.005159 08-25-01

0.004261 0.004381 0.004447 0.006848 0.006900 08-30-01

0.004257 0.004316 0.004347 0.005013 0.005041 08-35-01

0.004249 0.004306 0.004335 0.005014 0.005042 08-40-01

0.004417 0.004482 0.004516 0.005178 0.005209 08-45-01

0.004245 0.004304 0.004334 0.004979 0.005006 08-50-01

0.004447 0.004515 0.004549 0.005176 0.005211 08-55-01

0.004412 0.004477 0.004510 0.005218 0.005248 09-00-01

0.004455 0.004525 0.004553 0.008092 0.008187 09-40-02

0.004434 0.004612 0.004714 0.006437 0.006519 09-45-01

0.004405 0.004472 0.004504 0.005256 0.005284 09-50-01

0.004135 0.004181 0.004206 0.004735 0.004753 09-55-01

0.004151 0.004218 0.004255 0.005524 0.005559 10-00-01

0.004254 0.004397 0.004485 0.006115 0.006186 10-05-01

0.004307 0.004476 0.004572 0.006300 0.006382 10-10-01

0.004479 0.004541 0.004571 0.005872 0.005901 10-15-01

0.004305 0.004367 0.004398 0.005107 0.005139 10-20-01

0.004129 0.004178 0.004206 0.004754 0.004777 10-25-01

0.004258 0.004320 0.004353 0.004968 0.004998 10-30-01

0.004227 0.004281 0.004311 0.004989 0.005011 10-35-01

0.004323 0.004517 0.004628 0.006214 0.006318 10-40-01

0.004131 0.004180 0.004205 0.004725 0.004743 10-45-01

0.004169 0.004252 0.004304 0.005252 0.005295 10-50-01

0.004113 0.004177 0.004211 0.004912 0.004943 10-55-01

0.004405 0.004467 0.004502 0.005140 0.005175 11-00-01

0.004114 0.004178 0.004215 0.004884 0.004910 11-05-01

0.004361 0.004548 0.004647 0.747529 0.747559 12-00-02

0.004429 0.004494 0.004522 0.372568 0.372662 13-10-02

0.004443 0.004509 0.004539 0.005816 0.005842 13-15-01

0.004449 0.004509 0.004537 0.005659 0.005685 13-20-01

0.004156 0.004208 0.004235 0.004861 0.004879 13-25-01

0.004228 0.004292 0.004325 0.005033 0.005063 13-30-01

0.004152 0.004201 0.004227 0.004622 0.004642 13-35-01

0.004264 0.005298 0.005327 0.075784 0.075906 14-15-02
